1.0499999999999972	1.3461797815406472e-255
1.1499999999999972	5.147074829416798e-205
1.2499999999999971	2.5828496824570974e-167
1.3499999999999972	1.6035749491208648e-138
1.449999999999997	4.441317434041031e-116
1.5499999999999972	6.152244033061755e-98
1.6499999999999972	4.617552223287319e-83
1.7499999999999973	5.370450186449993e-71
1.8499999999999972	2.096008822561088e-61
1.949999999999997	1.9351877940701305e-53
2.049999999999997	1.6074007910537578e-46
2.1499999999999972	1.4869562300148476e-40
2.2499999999999973	1.6704317826647745e-35
2.349999999999997	3.161908032090099e-31
2.4499999999999975	1.728441241031143e-27
2.549999999999997	6.423987867618108e-55
2.6499999999999972	1.59749630190317e-63
2.7499999999999973	2.3303048745314477e-57
2.849999999999997	5.595409570262056e-52
2.9499999999999975	3.895705732608171e-53
3.049999999999997	2.1695899192128774e-48
3.1499999999999972	4.556249510416285e-44
3.2499999999999973	3.3320196882062003e-40
3.3499999999999974	1.0219439202719607e-36
3.4499999999999975	2.0952974435802442e-52
3.549999999999997	8.874907497356726e-58
3.6499999999999972	1.9040049729957052e-53
3.7499999999999973	1.486244214836087e-49
3.8499999999999974	3.687547398825061e-50
3.9499999999999975	1.0704673289049399e-46
4.049999999999997	1.9763661489039447e-43
4.149999999999997	2.2135940847870863e-40
4.249999999999997	1.3924975064701137e-37
4.349999999999998	5.220762029861462e-35
4.4499999999999975	1.1984458238866128e-32
4.549999999999997	1.855864597991197e-30
4.649999999999997	1.9673514274182015e-28
4.749999999999997	1.5318249261737424e-26
4.849999999999998	8.432273633299778e-25
4.9499999999999975	3.496757299866753e-23
5.049999999999997	1.150315712204282e-21
5.149999999999998	2.996213762063592e-20
5.249999999999997	6.383522700625845e-19
5.349999999999997	1.111102077865832e-17
5.4499999999999975	1.6065158755398976e-16
5.549999999999997	2.0177433115129596e-15
5.649999999999998	2.1030469211228438e-14
5.749999999999997	1.8974531751716038e-13
5.849999999999998	1.476832652632467e-12
5.9499999999999975	1.031628501471582e-11
6.049999999999997	6.516175824420837e-11
6.149999999999998	3.745894295089935e-10
6.249999999999997	1.998405453334165e-9
6.349999999999998	9.466359647744331e-9
6.4499999999999975	4.113695936403853e-8
6.549999999999997	1.6495563928610123e-7
6.649999999999998	6.07366218863186e-7
6.749999999999997	0.0000021079335383152276
6.849999999999998	0.000006854967795204363
6.9499999999999975	0.000021411825190515147
7.049999999999997	0.00006187517146536214
7.149999999999998	0.0001695308030799383
7.249999999999997	0.00044193560202626707
7.349999999999998	0.0010854131946285153
7.4499999999999975	0.0025837639584895956
7.549999999999997	0.0059015535081060515
7.649999999999998	0.012966934818060284
7.749999999999997	0.027924042539851302
7.849999999999998	0.057133974225115264
7.9499999999999975	0.11318029765237099
8.049999999999997	0.2160574592284955
8.149999999999999	0.4063704034418046
8.249999999999996	0.7433966335616906
8.349999999999998	1.324669547585549
8.449999999999998	2.3360825701246015
8.549999999999997	3.9642063714137414
8.649999999999999	6.579384609440778
8.749999999999996	10.69239136985578
8.849999999999998	16.87174123818745
8.949999999999998	26.35783240488093
9.049999999999997	40.4449382581448
9.149999999999997	61.817170930570505
9.249999999999998	91.70581595519656
9.349999999999998	133.9745367077772
9.449999999999998	192.88701405547042
9.549999999999997	271.62676226808975
9.649999999999997	380.33987327532685
9.749999999999998	525.820534006041
9.849999999999998	718.2982109018277
9.949999999999998	981.5106310694991
10.049999999999997	1311.563235877612
10.149999999999997	1735.8617868932688
10.249999999999998	1061.0831314224797
10.349999999999998	1388.3540804419858
10.449999999999998	1799.822263209152
10.549999999999997	2312.544686396719
10.649999999999999	3000.929418283785
10.749999999999998	3790.7753101849794
10.849999999999998	4751.708755344633
10.949999999999998	5909.650122814031
11.049999999999997	7208.822438531114
11.149999999999999	8837.790075500136
11.249999999999998	10764.418816634214
11.349999999999998	13249.616088067962
11.449999999999998	15934.998241647832
11.549999999999997	14385.226121412308
11.649999999999999	17103.858299766725
11.749999999999998	19953.66988011847
11.849999999999998	23473.467554709503
11.949999999999998	27483.180898189043
12.049999999999997	32637.309894717822
12.149999999999999	33203.4246074341
12.249999999999998	38395.411941400314
12.349999999999998	44214.763491490776
12.449999999999998	50031.27576908992
12.549999999999997	57138.41594445021
12.649999999999999	65011.89374781436
12.749999999999998	73698.61494941686
12.849999999999998	84829.61670816237
12.949999999999998	95479.26420248022
13.049999999999997	107118.4720648765
13.149999999999999	118383.1096808834
13.249999999999998	131953.11508059246
13.349999999999998	146650.89316488255
13.449999999999998	162533.98776948638
13.549999999999997	182782.44987784323
13.649999999999999	201463.09229491328
13.749999999999998	221456.132617761
13.849999999999998	242860.736836993
13.949999999999998	262724.2290707203
14.049999999999997	286654.82013436453
14.149999999999999	312034.82999233383
14.249999999999998	344591.6972030438
14.349999999999998	373462.9346306219
14.449999999999998	403926.3330569818
14.549999999999997	436056.83518796874
14.649999999999999	465094.4724825852
14.749999999999998	500024.84099598636
14.849999999999998	536621.132315627
14.949999999999998	574911.957176677
15.049999999999997	624485.8328369167
15.149999999999999	666911.7714616407
15.249999999999998	711233.4901181004
15.349999999999998	750485.5630385231
15.449999999999998	797550.9077524771
15.549999999999997	846367.0331118532
15.649999999999999	896993.6778671779
15.749999999999998	963116.796984227
15.849999999999998	1017798.0838352161
15.949999999999998	1074185.6894779399
16.049999999999997	1132543.3098753504
16.15	1181838.328973292
16.25	1242295.246388577
16.349999999999998	1304440.977306724
16.449999999999996	1387159.4356197177
16.549999999999997	1453146.0491407905
16.65	1520653.5203562907
16.75	1589882.9137053795
16.849999999999998	1647103.0278191436
16.949999999999996	1717819.2446646658
17.049999999999997	1790029.8078071864
17.15	1863690.9802456356
17.249999999999996	1963832.8441773052
17.349999999999998	2040614.8851444642
17.45	2118942.3414433743
17.549999999999997	2182254.224710099
17.65	2261125.7888932913
17.749999999999996	2341134.0247284756
17.849999999999998	2422453.110908546
17.95	2535993.872351654
18.049999999999997	2619919.6077221027
18.15	2704703.753963972
18.249999999999996	2791200.4138375875
18.349999999999998	2856057.4395717317
18.45	2941608.2353208745
18.549999999999997	3027870.7649840894
18.65	3152681.2802418056
18.749999999999996	3240890.062555531
18.849999999999998	3329647.4870454604
18.95	3419476.752690216
19.049999999999997	3485564.6473119785
19.15	3573593.85578514
19.249999999999996	3662120.7844664236
19.349999999999998	3795519.4138840283
19.45	3884944.985842161
19.549999999999997	3975452.368285272
19.65	4066417.645664717
19.749999999999996	4131115.3632455077
19.849999999999998	4219270.827766783
19.95	4307711.17306504
20.049999999999997	151418.7451866658
20.15	162942.4607422854
20.25	173194.35727303536
20.349999999999998	183887.40363376192
20.45	193884.8520788312
20.549999999999997	205318.52588752445
20.65	217201.44546357213
20.75	229563.7836694139
20.849999999999998	245062.40738494325
20.95	258456.77579285286
21.049999999999997	272381.0669700782
21.15	286818.60312705283
21.25	299866.3372892946
21.349999999999998	314993.90170167526
21.45	330616.2346675547
21.549999999999997	350500.9843623346
21.65	367248.8073095266
21.75	384499.9707218574
21.849999999999998	402323.1562408142
21.95	418213.0719534859
22.049999999999997	436645.26462544303
22.15	455556.68477017875
22.25	475083.30513771676
22.349999999999998	500144.4327772611
22.45	520720.2575190228
22.549999999999997	541881.467291477
22.65	560457.9240022987
22.75	582129.456275066
22.849999999999998	604261.9750749018
22.95	626917.433490937
23.049999999999997	656695.7860254842
23.15	680314.8615855526
23.25	704611.6413071727
23.349999999999998	729438.6016071622
23.45	750342.5542491066
23.549999999999997	775381.47619751
23.65	800879.4883898237
23.75	835248.1299287935
23.849999999999998	861787.5977668577
23.95	888766.3044426594
24.049999999999997	916248.6109803168
24.15	939038.640223114
24.25	966578.6273314877
24.349999999999998	994605.4696197503
24.45	1023046.2463351681
24.549999999999997	1062077.7640684734
24.65	1091340.6823130506
24.75	1121086.8787217026
24.849999999999998	1145261.7996836556
24.95	1174879.684444906
25.049999999999997	1204802.703249245
25.15	1235159.2168096448
25.25	1278054.0506227904
25.349999999999998	1309046.9976224822
25.45	1340506.2275004797
25.549999999999997	124668.16052910539
25.65	129875.47385240217
25.75	135888.92825678535
25.849999999999998	142099.67280483275
25.95	149949.96503513432
26.049999999999997	156583.45766996566
26.15	163439.1253677682
26.25	170527.33444062583
26.349999999999998	176867.83595225506
26.45	184202.94649610802
26.549999999999997	191720.6949931274
26.65	201403.85270385613
26.75	209390.56811014353
26.849999999999998	217596.5589512264
26.95	226032.48129255316
27.049999999999997	233523.78530900943
27.15	242193.4591105708
27.25	251064.18401165883
27.349999999999998	260165.39954578565
27.45	272009.683321426
27.549999999999997	281557.809875973
27.65	291350.6030879109
27.75	299914.540874824
27.849999999999998	309927.28658176254
27.95	320084.3997114253
28.049999999999997	330526.7601956283
28.15	344368.59134480834
28.25	355205.2964826558
28.349999999999998	366303.563954623
28.45	377679.7676327578
28.549999999999997	387184.68666611315
28.65	398596.9117941969
28.75	410229.35275511205
28.849999999999998	426007.3149686309
28.95	438159.78145116137
29.049999999999997	450404.9354459271
29.15	462951.55638683593
29.25	473401.7151633996
29.349999999999998	485966.67171352985
29.45	498669.45344628504
29.549999999999997	511649.6170908449
29.65	529674.8097036064
29.75	543027.6630242079
29.849999999999998	556581.2383588316
29.95	567699.1603458739
30.049999999999997	581641.0491506385
30.15	596049.6545689221
30.25	610669.9947576255
30.349999999999998	631364.9472818833
30.45	646366.2689973885
30.549999999999997	661663.2218453023
30.65	677217.3895823396
30.75	689343.3111214904
30.849999999999998	704655.8840038821
30.95	720177.6185517241
31.049999999999997	742673.4281641125
31.15	758708.2673150505
31.25	774731.6485488116
31.349999999999998	791113.2353416978
31.45	803610.3921338927
31.549999999999997	819705.279507554
31.65	835920.6986831009
31.75	852366.4308109748
31.849999999999998	876806.907146446
31.95	893527.7433034674
32.05	910514.1838763376
32.15	923317.8544682483
32.25	939856.3924226084
32.349999999999994	956530.3904335363
32.45	973371.06164311
32.55	999264.2674758467
32.65	1016641.6111642239
32.75	1033744.8261458131
32.849999999999994	1051576.2060010538
32.95	1063583.854972336
33.05	1080477.8795894189
33.15	1097463.6269839185
33.25	1125168.6782798364
33.35	1142310.3242642712
33.449999999999996	1159797.08594505
33.55	1177529.224837601
33.65	1189246.9792604814
33.75	1206268.1976646723
33.85	1223245.5468786715
33.949999999999996	1252152.7459830341
34.05	1269058.3209540427
34.15	1286673.0429816358
34.25	1304338.846233947
34.35	1315579.2896299902
34.449999999999996	1332355.2798930875
34.55	1349093.0628600798
34.65	1366100.4059416275
34.75	1395919.5041650434
34.85	1412965.0095003538
34.949999999999996	1430352.0843824216
35.05	1441250.5521840982
35.15	1457513.282103787
35.25	1473988.603149123
35.35	1490588.4102346709
35.449999999999996	1521314.6746167156
35.55	1538002.2974321165
35.65	1554876.7675734935
35.75	1571808.0562200185
35.85	1580942.198231871
35.949999999999996	1596750.3644910536
36.05	1612629.8866274364
36.15	1644341.3825535274
36.25	1659898.6977680863
36.35	1676378.77478403
36.449999999999996	1692655.9444846972
36.55	1700926.8499303013
36.65	1715681.460161837
36.75	1731181.073445008
36.85	1746569.2499983248
36.949999999999996	1773677.6894086546
37.05	1793765.7298697864
37.15	1809209.6804294558
37.25	1816648.2672032358
37.35	1830813.4915146818
37.449999999999996	1845193.0382136072
37.55	1859404.949948743
37.65	1892003.7968577037
37.75	1906101.971840179
37.85	1920921.7395938677
37.949999999999996	1935970.9192302742
38.05	1940513.6025991228
38.15	1953802.2312729794
38.25	1967180.6298859653
38.35	2000230.0950760192
38.449999999999996	2013438.8147664785
38.55	2026756.5919748235
38.65	2040536.8131260534
38.75	2044545.305622329
38.85	2056322.447569091
38.949999999999996	2064139.5731707548
39.05	2081439.074478061
39.15	2114141.6672802432
39.25	2126488.8672133666
39.35	2139077.133569467
39.45	2141750.568551878
39.55	2152761.89445944
39.65	2163780.9875820726
39.75	2175262.6207035314
39.85	2207967.83100855
39.95	2218862.393228642
40.05	2230435.2253370127
40.15	2242864.176629391
40.25	2242836.7708527297
40.35	2252752.014103455
40.45	2263442.6207923815
40.55	2289437.9174891803
40.65	2306630.3765163347
40.75	2317314.5917776884
40.85	2328148.2936810907
40.95	2326983.241981107
41.05	2336106.9337066673
41.15	2345176.7396198534
41.25	2378066.0966894273
41.35	2386763.52450709
41.45	2395464.947821602
41.55	2405472.4334660433
41.65	2403267.161273861
41.75	2410633.9059576266
41.85	2418551.266425928
41.95	2426549.257517274
42.05	2459093.5390650737
42.15	2458849.1943407175
42.25	2474809.2253851504
42.35	2471695.272277587
42.45	2478285.1636718386
42.55	2478023.9317455674
42.65	2491134.423445974
42.75	2523496.5119818766
42.85	2530094.797828677
42.95	2536076.17076396
43.05	2543948.212857667
43.15	2537795.240913312
43.25	2542802.4761079643
43.35	2548106.709967457
43.45	2580445.6405159407
43.55	2585334.7319582133
43.65	2590308.713954683
43.75	2596360.065960694
43.85	2589298.4761653612
43.95	2593267.4634454045
44.05	2596744.6149206967
44.15	2594449.6045726757
44.25	2632660.9981132615
44.35	2636688.5402117805
44.45	2641152.163270935
44.55	2626080.4245187435
44.65	2635891.771990939
44.75	2638631.084848042
44.85	2641367.973304842
44.95	2672772.4977839384
45.05	2675096.408812581
45.15	2678079.126031997
45.25	2682029.217607708
45.35	2671274.386725091
45.45	2672633.7101051547
45.55	2673501.7252273164
45.65	2704529.598110706
45.75	2706598.4825837305
45.85	2707993.3360464964
45.95	2710027.898327653
46.05	2698599.597034052
46.15	2691032.4655559487
46.25	2698881.107384337
46.35	2699859.773173392
46.45	2729861.921590157
46.55	2720229.8309134594
46.65	2730366.5307783633
46.75	2719261.783592764
46.85	2718152.4891591226
46.95	2717129.5799925737
47.05	2716402.831512491
47.15	2745904.151870534
47.25	2745663.575068026
47.35	2745267.4070275724
47.45	2745582.70256338
47.55	2730152.8204759043
47.65	2728252.4350642096
47.75	2717724.7724850317
47.85	2754705.26373808
47.95	2753813.1960334214
48.05	2752179.5136361164
48.15	2739462.1968459724
48.25	2735970.9357887786
48.35	2732638.217888027
48.45	2729794.522741019
48.55	2757688.8108739513
48.65	2755233.3698777314
48.75	2752863.4194671414
48.85	2750352.3748957175
48.95	2733888.7758283517
49.05	2730449.6738770115
49.15	2726449.3402212425
49.25	2722359.2889775685
49.35	2738309.51227594
49.45	2747112.9380195388
49.55	2744128.117484011
49.65	2727608.81271
49.75	2713324.097436975
49.85	2717383.1266421285
49.95	2712554.40267724
50.05	2739365.836409467
50.15	2723464.0808361894
50.25	2730787.8710493995
50.35	2727055.744040097
50.45	2706793.195786528
50.55	2701521.7751368936
50.65	2696203.88171572
50.75	2723415.279661649
50.85	2716207.0347302556
50.95	2711519.5039005624
51.05	2706782.8152139853
51.15	2687265.974914437
51.25	2680638.7935452713
51.35	2663925.9394766935
51.45	2667370.120274492
51.55	2693188.697688406
51.65	2687880.40105104
51.75	2669101.254084102
51.85	2662769.9670552164
51.95	2653971.111621817
52.05	2647604.548608469
52.15	2639973.9964668965
52.25	2665961.675438658
52.35	2658114.226345058
52.45	2652631.8564828425
52.55	2646000.1253126906
52.65	2624623.301301538
52.75	2616356.0447427602
52.85	2608154.763474666
52.95	2633754.2464509658
53.05	2625291.9574305243
53.15	2618409.9678677837
53.25	2610741.7324895333
53.35	2579220.093035216
53.45	2579615.3955392633
53.55	2571728.0702192253
53.65	2563051.6981607433
53.75	2574370.624788297
53.85	2578722.432540526
53.95	2571769.0899185855
54.05	2551012.8342604158
54.15	2540783.406726996
54.25	2531054.8361924733
54.35	2521408.1891276073
54.45	2546584.245871601
54.55	2536676.8809339777
54.65	2528386.0076588662
54.75	2520184.580214147
54.85	2496262.3703094344
54.95	2474130.352482163
55.05	2476074.94806864
55.15	2500823.267273952
55.25	2490608.2112861723
55.35	2465573.820744894
55.45	2471602.769741468
55.55	2448381.9391616145
55.65	2437046.6382032027
55.75	2426765.885290747
55.85	2451167.317947217
55.95	2440580.9539958723
56.05	2429383.1161093726
56.15	2419829.4142668713
56.25	2396911.7274783407
56.35	2385149.7192832767
56.45	2372966.950002258
56.55	2362509.5600901353
56.65	2385440.8531110925
56.75	2375499.261383633
56.85	2363548.4336356455
56.95	2329868.6931913556
57.05	2329737.3972269087
57.15	2317224.3908766103
57.25	2305784.640578583
57.35	2312863.442850105
57.45	2316688.0065011745
57.55	2305783.9892823915
57.65	2295087.9169628457
57.75	2271027.3116750056
57.85	2258143.503890426
57.95	4250539.496843802
58.05	2267758.455939484
58.15	2255916.2641217387
58.25	2243593.81894436
58.35	2231819.2044639164
58.45	2209148.132681057
58.55	2194820.57716025
58.65	2182247.779374042
58.75	2169749.116175844
58.85	2192127.952004766
58.95	2163368.262385749
59.05	2167442.564979646
59.15	2144377.5446543684
59.25	2129760.17910915
59.35	5719052.961654104
59.45	2102575.859372425
59.55	2124872.301051319
59.65	2112005.776441699
59.75	2098664.1691614054
59.85	2085969.3726623137
59.95	2059925.3711690116
60.05	2045837.1440110411
60.15	2032266.9183620291
60.25	2052711.7356265394
60.35	2038233.3667089357
60.45	2024843.012947485
60.55	2012259.5852651007
60.65	1986532.8670632334
60.75	1972474.1042457134
60.85	1957681.376847475
60.95	1929783.1862822743
61.05	1963472.2047882436
61.15	1950356.7078244719
61.25	1937604.2549246487
61.35	1912724.8442216048
61.45	1898403.5441393005
61.55	1882362.9212187734
61.65	1868072.1631921537
61.75	1888307.5147408114
61.85	1875007.2457162212
61.95	1860679.429989051
62.05	1847261.3921625274
62.15	1822273.0645784896
62.25	1806065.3753230467
62.35	1790583.8711894883
62.45	1813164.8760666545
62.55	1797131.850527482
62.65	1781219.4875660078
62.75	1767888.7606512653
62.85	1744094.3181627516
62.95	1727329.1936844366
63.05	1711868.447134147
63.15	1733207.587670461
63.25	1717259.361287216
63.35	1700721.1443053216
63.45	1686130.697316662
63.55	1663315.408626142
63.65	1646451.7923083305
63.75	1629199.1044070541
63.85	1614261.0138302147
63.95	1634668.937185065
64.05	1618193.4506175409
64.15	1603374.2413004902
64.25	1579722.242175856
64.35	1563108.614871419
64.45	1545731.8233233881
64.55	1529459.350142201
64.65	1549026.9280763157
64.75	1533137.6673133005
64.85	1516100.3478367552
64.95	1500704.3723495388
65.05	1477164.8189925049
65.15	1459992.6353428033
65.25	1443453.6814822527
65.35	1453241.3033645798
65.45	1445135.8844471148
65.55	1428624.156177528
65.65	1413047.9326867172
65.75	1383655.206879611
65.85	1371461.3936242098
65.95	1353675.2514660829
66.05	1336508.63480262
66.15	1346707.3621252195
66.25	1337893.0319373666
66.35	1320685.6922843603
66.45	1295786.0659614552
66.55	1274940.0597980584
66.65	1262046.9080587158
66.75	1245310.1196446717
66.85	1258115.832154971
66.95	1686416.1076956934
67.05	1226975.6315072153
67.15	1211788.809350324
67.25	2058671.2895722482
67.35	1162990.1684966595
67.45	1149275.2630453913
67.55	1168047.0045081151
67.65	1155460.9019842516
67.75	1135613.0581928985
67.85	1112565.0103521713
67.95	1092401.7231422015
68.05	1069786.6524760767
68.15	1047206.9029776974
68.25	1032447.9884008168
68.35	1052436.8805434944
68.45	1028843.6973119444
68.55	1005288.694345196
68.65	996776.8317659055
68.75	973469.283515599
68.85	949655.7526324323
68.95	925882.510985069
69.05	951792.0727063384
69.15	926805.1505591986
69.25	1213749.5583680838
69.35	877713.5742497521
69.45	865580.3586286365
69.55	808812.5175681454
69.65	859637.4608554253
69.75	822200.5139492379
69.85	790258.432388072
69.95	764503.3054747876
70.05	740384.2183078886
70.15	735509.7202120598
70.25	709071.5783443719
70.35	678813.7260913069
70.45	731527.9697490156
70.55	701677.9079711514
70.65	672429.1776495575
70.75	636823.7559798863
70.85	650376.4256573985
70.95	619540.5836013398
71.05	587914.283830575
71.15	557274.7482348272
71.25	505409.94077663164
71.35	476083.471816479
71.45	577561.0713284027
71.55	535044.4850039536
71.65	497747.02210953314
71.75	460506.87061781285
71.85	423324.44111252524
71.95	427072.47611604194
72.05	385516.7614520553
72.15	344682.4396182803
72.25	303906.7895276514
72.35	326252.98596506356
72.45	275839.313077137
72.55	225505.31230637783
72.65	183734.91277231413
72.75	131127.30542434182
72.85	78609.02830276205
72.95	26180.490761312143